id,y_data_index,x_data_index,redshift
0,71,83,0.056778263
1,71,84,0.056778263
2,71,85,0.056778263
3,71,86,0.056778263
4,71,100,0.056778263
5,71,101,0.056778263
6,72,82,0.056778263
7,72,83,0.056778263
8,72,84,0.056778263
9,72,85,0.056778263
10,72,86,0.056778263
11,72,87,0.056778263
12,72,97,0.056778263
13,72,98,0.056778263
14,72,99,0.056778263
15,72,100,0.056778263
16,72,101,0.056778263
17,72,102,0.056778263
18,72,103,0.056778263
19,72,104,0.056778263
20,72,105,0.056778263
21,73,82,0.056778263
22,73,83,0.056778263
23,73,84,0.056778263
24,73,85,0.056778263
25,73,86,0.056778263
26,73,87,0.056778263
27,73,88,0.056778263
28,73,89,0.056778263
29,73,92,0.056778263
30,73,93,0.056778263
31,73,94,0.056778263
32,73,95,0.056778263
33,73,96,0.056778263
34,73,97,0.056778263
35,73,98,0.056778263
36,73,99,0.056778263
37,73,100,0.056778263
38,73,101,0.056778263
39,73,102,0.056778263
40,73,103,0.056778263
41,73,104,0.056778263
42,73,105,0.056778263
43,73,106,0.056778263
44,73,107,0.056778263
45,73,108,0.056778263
46,73,109,0.056778263
47,73,110,0.056778263
48,73,111,0.056778263
49,74,80,0.056778263
50,74,81,0.056778263
51,74,82,0.056778263
52,74,83,0.056778263
53,74,84,0.056778263
54,74,85,0.056778263
55,74,86,0.056778263
56,74,87,0.056778263
57,74,88,0.056778263
58,74,89,0.056778263
59,74,90,0.056778263
60,74,91,0.056778263
61,74,92,0.056778263
62,74,93,0.056778263
63,74,94,0.056778263
64,74,95,0.056778263
65,74,96,0.056778263
66,74,97,0.056778263
67,74,98,0.056778263
68,74,99,0.056778263
69,74,100,0.056778263
70,74,101,0.056778263
71,74,102,0.056778263
72,74,103,0.056778263
73,74,104,0.056778263
74,74,105,0.056778263
75,74,106,0.056778263
76,74,107,0.056778263
77,74,108,0.056778263
78,74,109,0.056778263
79,74,110,0.056778263
80,74,111,0.056778263
81,74,112,0.056778263
82,75,79,0.056778263
83,75,80,0.056778263
84,75,81,0.056778263
85,75,82,0.056778263
86,75,83,0.056778263
87,75,84,0.056778263
88,75,85,0.056778263
89,75,86,0.056778263
90,75,87,0.056778263
91,75,88,0.056778263
92,75,89,0.056778263
93,75,90,0.056778263
94,75,91,0.056778263
95,75,92,0.056778263
96,75,93,0.056778263
97,75,94,0.056778263
98,75,95,0.056778263
99,75,96,0.056778263
100,75,97,0.056778263
101,75,98,0.056778263
102,75,99,0.056778263
103,75,100,0.056778263
104,75,101,0.056778263
105,75,102,0.056778263
106,75,103,0.056778263
107,75,104,0.056778263
108,75,105,0.056778263
109,75,106,0.056778263
110,75,107,0.056778263
111,75,108,0.056778263
112,75,109,0.056778263
113,75,110,0.056778263
114,75,111,0.056778263
115,75,112,0.056778263
116,76,79,0.056778263
117,76,80,0.056778263
118,76,81,0.056778263
119,76,82,0.056778263
120,76,83,0.056778263
121,76,84,0.056778263
122,76,85,0.056778263
123,76,86,0.056778263
124,76,87,0.056778263
125,76,88,0.056778263
126,76,89,0.056778263
127,76,90,0.056778263
128,76,91,0.056778263
129,76,92,0.056778263
130,76,93,0.056778263
131,76,94,0.056778263
132,76,95,0.056778263
133,76,96,0.056778263
134,76,97,0.056778263
135,76,98,0.056778263
136,76,99,0.056778263
137,76,100,0.056778263
138,76,101,0.056778263
139,76,102,0.056778263
140,76,103,0.056778263
141,76,104,0.056778263
142,76,105,0.056778263
143,76,106,0.056778263
144,76,107,0.056778263
145,76,108,0.056778263
146,76,109,0.056778263
147,76,110,0.056778263
148,76,111,0.056778263
149,76,112,0.056778263
150,77,79,0.056778263
151,77,80,0.056778263
152,77,81,0.056778263
153,77,82,0.056778263
154,77,83,0.056778263
155,77,84,0.056778263
156,77,85,0.056778263
157,77,86,0.056778263
158,77,87,0.056778263
159,77,88,0.056778263
160,77,89,0.056778263
161,77,90,0.056778263
162,77,91,0.056778263
163,77,92,0.056778263
164,77,93,0.056778263
165,77,94,0.056778263
166,77,95,0.056778263
167,77,96,0.056778263
168,77,97,0.056778263
169,77,98,0.056778263
170,77,99,0.056778263
171,77,100,0.056778263
172,77,101,0.056778263
173,77,102,0.056778263
174,77,103,0.056778263
175,77,104,0.056778263
176,77,105,0.056778263
177,77,106,0.056778263
178,77,107,0.056778263
179,77,108,0.056778263
180,77,109,0.056778263
181,77,110,0.056778263
182,77,111,0.056778263
183,77,112,0.056778263
184,77,116,0.056778263
185,77,117,0.056778263
186,78,78,0.056778263
187,78,79,0.056778263
188,78,80,0.056778263
189,78,81,0.056778263
190,78,82,0.056778263
191,78,83,0.056778263
192,78,84,0.056778263
193,78,85,0.056778263
194,78,86,0.056778263
195,78,87,0.056778263
196,78,88,0.056778263
197,78,89,0.056778263
198,78,90,0.056778263
199,78,91,0.056778263
200,78,92,0.056778263
201,78,93,0.056778263
202,78,94,0.056778263
203,78,95,0.056778263
204,78,96,0.056778263
205,78,97,0.056778263
206,78,98,0.056778263
207,78,99,0.056778263
208,78,100,0.056778263
209,78,101,0.056778263
210,78,102,0.056778263
211,78,103,0.056778263
212,78,104,0.056778263
213,78,105,0.056778263
214,78,106,0.056778263
215,78,107,0.056778263
216,78,108,0.056778263
217,78,109,0.056778263
218,78,110,0.056778263
219,78,111,0.056778263
220,78,112,0.056778263
221,78,113,0.056778263
222,78,114,0.056778263
223,78,115,0.056778263
224,78,116,0.056778263
225,78,117,0.056778263
226,78,118,0.056778263
227,79,78,0.056778263
228,79,79,0.056778263
229,79,80,0.056778263
230,79,81,0.056778263
231,79,82,0.056778263
232,79,83,0.056778263
233,79,84,0.056778263
234,79,85,0.056778263
235,79,86,0.056778263
236,79,87,0.056778263
237,79,88,0.056778263
238,79,89,0.056778263
239,79,90,0.056778263
240,79,91,0.056778263
241,79,92,0.056778263
242,79,93,0.056778263
243,79,94,0.056778263
244,79,95,0.056778263
245,79,96,0.056778263
246,79,97,0.056778263
247,79,98,0.056778263
248,79,99,0.056778263
249,79,100,0.056778263
250,79,101,0.056778263
251,79,102,0.056778263
252,79,103,0.056778263
253,79,104,0.056778263
254,79,105,0.056778263
255,79,106,0.056778263
256,79,107,0.056778263
257,79,108,0.056778263
258,79,109,0.056778263
259,79,110,0.056778263
260,79,111,0.056778263
261,79,112,0.056778263
262,79,113,0.056778263
263,79,114,0.056778263
264,79,115,0.056778263
265,79,116,0.056778263
266,79,117,0.056778263
267,80,78,0.056778263
268,80,79,0.056778263
269,80,80,0.056778263
270,80,81,0.056778263
271,80,82,0.056778263
272,80,83,0.056778263
273,80,84,0.056778263
274,80,85,0.056778263
275,80,86,0.056778263
276,80,87,0.056778263
277,80,88,0.056778263
278,80,89,0.056778263
279,80,90,0.056778263
280,80,91,0.056778263
281,80,92,0.056778263
282,80,93,0.056778263
283,80,94,0.056778263
284,80,95,0.056778263
285,80,96,0.056778263
286,80,97,0.056778263
287,80,98,0.056778263
288,80,99,0.056778263
289,80,100,0.056778263
290,80,101,0.056778263
291,80,102,0.056778263
292,80,103,0.056778263
293,80,104,0.056778263
294,80,105,0.056778263
295,80,106,0.056778263
296,80,107,0.056778263
297,80,108,0.056778263
298,80,109,0.056778263
299,80,110,0.056778263
300,80,111,0.056778263
301,80,112,0.056778263
302,80,113,0.056778263
303,80,114,0.056778263
304,80,115,0.056778263
305,80,116,0.056778263
306,80,117,0.056778263
307,81,73,0.056778263
308,81,77,0.056778263
309,81,78,0.056778263
310,81,79,0.056778263
311,81,80,0.056778263
312,81,81,0.056778263
313,81,82,0.056778263
314,81,83,0.056778263
315,81,84,0.056778263
316,81,85,0.056778263
317,81,86,0.056778263
318,81,87,0.056778263
319,81,88,0.056778263
320,81,89,0.056778263
321,81,90,0.056778263
322,81,91,0.056778263
323,81,92,0.056778263
324,81,93,0.056778263
325,81,94,0.056778263
326,81,95,0.056778263
327,81,96,0.056778263
328,81,97,0.056778263
329,81,98,0.056778263
330,81,99,0.056778263
331,81,100,0.056778263
332,81,101,0.056778263
333,81,102,0.056778263
334,81,103,0.056778263
335,81,104,0.056778263
336,81,105,0.056778263
337,81,106,0.056778263
338,81,107,0.056778263
339,81,108,0.056778263
340,81,109,0.056778263
341,81,110,0.056778263
342,81,111,0.056778263
343,81,112,0.056778263
344,81,113,0.056778263
345,81,114,0.056778263
346,81,115,0.056778263
347,81,116,0.056778263
348,81,117,0.056778263
349,81,118,0.056778263
350,81,119,0.056778263
351,82,72,0.056778263
352,82,73,0.056778263
353,82,77,0.056778263
354,82,78,0.056778263
355,82,79,0.056778263
356,82,80,0.056778263
357,82,81,0.056778263
358,82,82,0.056778263
359,82,83,0.056778263
360,82,84,0.056778263
361,82,85,0.056778263
362,82,86,0.056778263
363,82,87,0.056778263
364,82,88,0.056778263
365,82,89,0.056778263
366,82,90,0.056778263
367,82,91,0.056778263
368,82,92,0.056778263
369,82,93,0.056778263
370,82,94,0.056778263
371,82,95,0.056778263
372,82,96,0.056778263
373,82,97,0.056778263
374,82,98,0.056778263
375,82,99,0.056778263
376,82,100,0.056778263
377,82,101,0.056778263
378,82,102,0.056778263
379,82,103,0.056778263
380,82,104,0.056778263
381,82,105,0.056778263
382,82,106,0.056778263
383,82,107,0.056778263
384,82,108,0.056778263
385,82,109,0.056778263
386,82,110,0.056778263
387,82,111,0.056778263
388,82,112,0.056778263
389,82,113,0.056778263
390,82,114,0.056778263
391,82,115,0.056778263
392,82,116,0.056778263
393,82,117,0.056778263
394,82,118,0.056778263
395,82,119,0.056778263
396,82,120,0.056778263
397,82,121,0.056778263
398,83,72,0.056778263
399,83,73,0.056778263
400,83,76,0.056778263
401,83,77,0.056778263
402,83,78,0.056778263
403,83,79,0.056778263
404,83,80,0.056778263
405,83,81,0.056778263
406,83,82,0.056778263
407,83,83,0.056778263
408,83,84,0.056778263
409,83,85,0.056778263
410,83,86,0.056778263
411,83,87,0.056778263
412,83,88,0.056778263
413,83,89,0.056778263
414,83,90,0.056778263
415,83,91,0.056778263
416,83,92,0.056778263
417,83,93,0.056778263
418,83,94,0.056778263
419,83,95,0.056778263
420,83,96,0.056778263
421,83,97,0.056778263
422,83,98,0.056778263
423,83,99,0.056778263
424,83,100,0.056778263
425,83,101,0.056778263
426,83,102,0.056778263
427,83,103,0.056778263
428,83,104,0.056778263
429,83,105,0.056778263
430,83,106,0.056778263
431,83,107,0.056778263
432,83,108,0.056778263
433,83,109,0.056778263
434,83,110,0.056778263
435,83,111,0.056778263
436,83,112,0.056778263
437,83,113,0.056778263
438,83,114,0.056778263
439,83,115,0.056778263
440,83,116,0.056778263
441,83,117,0.056778263
442,83,118,0.056778263
443,83,119,0.056778263
444,83,120,0.056778263
445,83,121,0.056778263
446,83,122,0.056778263
447,84,73,0.056778263
448,84,76,0.056778263
449,84,77,0.056778263
450,84,78,0.056778263
451,84,79,0.056778263
452,84,80,0.056778263
453,84,81,0.056778263
454,84,82,0.056778263
455,84,83,0.056778263
456,84,84,0.056778263
457,84,85,0.056778263
458,84,86,0.056778263
459,84,87,0.056778263
460,84,88,0.056778263
461,84,89,0.056778263
462,84,90,0.056778263
463,84,91,0.056778263
464,84,92,0.056778263
465,84,93,0.056778263
466,84,94,0.056778263
467,84,95,0.056778263
468,84,96,0.056778263
469,84,97,0.056778263
470,84,98,0.056778263
471,84,99,0.056778263
472,84,100,0.056778263
473,84,101,0.056778263
474,84,102,0.056778263
475,84,103,0.056778263
476,84,104,0.056778263
477,84,105,0.056778263
478,84,106,0.056778263
479,84,107,0.056778263
480,84,108,0.056778263
481,84,109,0.056778263
482,84,110,0.056778263
483,84,111,0.056778263
484,84,112,0.056778263
485,84,113,0.056778263
486,84,114,0.056778263
487,84,115,0.056778263
488,84,116,0.056778263
489,84,117,0.056778263
490,84,118,0.056778263
491,84,119,0.056778263
492,84,120,0.056778263
493,84,121,0.056778263
494,84,122,0.056778263
495,84,123,0.056778263
496,85,74,0.056778263
497,85,75,0.056778263
498,85,76,0.056778263
499,85,77,0.056778263
500,85,78,0.056778263
501,85,79,0.056778263
502,85,80,0.056778263
503,85,81,0.056778263
504,85,82,0.056778263
505,85,83,0.056778263
506,85,84,0.056778263
507,85,85,0.056778263
508,85,86,0.056778263
509,85,87,0.056778263
510,85,88,0.056778263
511,85,89,0.056778263
512,85,90,0.056778263
513,85,91,0.056778263
514,85,92,0.056778263
515,85,93,0.056778263
516,85,94,0.056778263
517,85,95,0.056778263
518,85,96,0.056778263
519,85,97,0.056778263
520,85,98,0.056778263
521,85,99,0.056778263
522,85,100,0.056778263
523,85,101,0.056778263
524,85,102,0.056778263
525,85,103,0.056778263
526,85,104,0.056778263
527,85,105,0.056778263
528,85,106,0.056778263
529,85,107,0.056778263
530,85,108,0.056778263
531,85,109,0.056778263
532,85,110,0.056778263
533,85,111,0.056778263
534,85,112,0.056778263
535,85,113,0.056778263
536,85,114,0.056778263
537,85,115,0.056778263
538,85,116,0.056778263
539,85,117,0.056778263
540,85,118,0.056778263
541,85,119,0.056778263
542,85,120,0.056778263
543,85,121,0.056778263
544,85,122,0.056778263
545,85,123,0.056778263
546,85,124,0.056778263
547,86,74,0.056778263
548,86,75,0.056778263
549,86,76,0.056778263
550,86,77,0.056778263
551,86,78,0.056778263
552,86,79,0.056778263
553,86,80,0.056778263
554,86,81,0.056778263
555,86,82,0.056778263
556,86,83,0.056778263
557,86,84,0.056778263
558,86,85,0.056778263
559,86,86,0.056778263
560,86,87,0.056778263
561,86,88,0.056778263
562,86,89,0.056778263
563,86,90,0.056778263
564,86,91,0.056778263
565,86,92,0.056778263
566,86,93,0.056778263
567,86,94,0.056778263
568,86,95,0.056778263
569,86,96,0.056778263
570,86,97,0.056778263
571,86,98,0.056778263
572,86,99,0.056778263
573,86,100,0.056778263
574,86,101,0.056778263
575,86,102,0.056778263
576,86,103,0.056778263
577,86,104,0.056778263
578,86,105,0.056778263
579,86,106,0.056778263
580,86,107,0.056778263
581,86,108,0.056778263
582,86,109,0.056778263
583,86,110,0.056778263
584,86,111,0.056778263
585,86,112,0.056778263
586,86,113,0.056778263
587,86,114,0.056778263
588,86,115,0.056778263
589,86,116,0.056778263
590,86,117,0.056778263
591,86,118,0.056778263
592,86,119,0.056778263
593,86,120,0.056778263
594,86,121,0.056778263
595,86,122,0.056778263
596,86,123,0.056778263
597,86,124,0.056778263
598,87,73,0.056778263
599,87,74,0.056778263
600,87,75,0.056778263
601,87,76,0.056778263
602,87,77,0.056778263
603,87,78,0.056778263
604,87,79,0.056778263
605,87,80,0.056778263
606,87,81,0.056778263
607,87,82,0.056778263
608,87,83,0.056778263
609,87,84,0.056778263
610,87,85,0.056778263
611,87,86,0.056778263
612,87,87,0.056778263
613,87,88,0.056778263
614,87,89,0.056778263
615,87,90,0.056778263
616,87,91,0.056778263
617,87,92,0.056778263
618,87,93,0.056778263
619,87,94,0.056778263
620,87,95,0.056778263
621,87,96,0.056778263
622,87,97,0.056778263
623,87,98,0.056778263
624,87,99,0.056778263
625,87,100,0.056778263
626,87,101,0.056778263
627,87,102,0.056778263
628,87,103,0.056778263
629,87,104,0.056778263
630,87,105,0.056778263
631,87,106,0.056778263
632,87,107,0.056778263
633,87,108,0.056778263
634,87,109,0.056778263
635,87,110,0.056778263
636,87,111,0.056778263
637,87,112,0.056778263
638,87,113,0.056778263
639,87,114,0.056778263
640,87,115,0.056778263
641,87,116,0.056778263
642,87,117,0.056778263
643,87,118,0.056778263
644,87,119,0.056778263
645,87,120,0.056778263
646,87,121,0.056778263
647,87,122,0.056778263
648,87,123,0.056778263
649,87,124,0.056778263
650,88,70,0.056778263
651,88,73,0.056778263
652,88,74,0.056778263
653,88,75,0.056778263
654,88,76,0.056778263
655,88,77,0.056778263
656,88,78,0.056778263
657,88,79,0.056778263
658,88,80,0.056778263
659,88,81,0.056778263
660,88,82,0.056778263
661,88,83,0.056778263
662,88,84,0.056778263
663,88,85,0.056778263
664,88,86,0.056778263
665,88,87,0.056778263
666,88,88,0.056778263
667,88,89,0.056778263
668,88,90,0.056778263
669,88,91,0.056778263
670,88,92,0.056778263
671,88,93,0.056778263
672,88,94,0.056778263
673,88,95,0.056778263
674,88,96,0.056778263
675,88,97,0.056778263
676,88,98,0.056778263
677,88,99,0.056778263
678,88,100,0.056778263
679,88,101,0.056778263
680,88,102,0.056778263
681,88,103,0.056778263
682,88,104,0.056778263
683,88,105,0.056778263
684,88,106,0.056778263
685,88,107,0.056778263
686,88,108,0.056778263
687,88,109,0.056778263
688,88,110,0.056778263
689,88,111,0.056778263
690,88,112,0.056778263
691,88,113,0.056778263
692,88,114,0.056778263
693,88,115,0.056778263
694,88,116,0.056778263
695,88,117,0.056778263
696,88,118,0.056778263
697,88,119,0.056778263
698,88,120,0.056778263
699,88,121,0.056778263
700,88,122,0.056778263
701,88,123,0.056778263
702,88,124,0.056778263
703,89,70,0.056778263
704,89,71,0.056778263
705,89,72,0.056778263
706,89,73,0.056778263
707,89,74,0.056778263
708,89,75,0.056778263
709,89,76,0.056778263
710,89,77,0.056778263
711,89,78,0.056778263
712,89,79,0.056778263
713,89,80,0.056778263
714,89,81,0.056778263
715,89,82,0.056778263
716,89,83,0.056778263
717,89,84,0.056778263
718,89,85,0.056778263
719,89,86,0.056778263
720,89,87,0.056778263
721,89,88,0.056778263
722,89,89,0.056778263
723,89,90,0.056778263
724,89,91,0.056778263
725,89,92,0.056778263
726,89,93,0.056778263
727,89,94,0.056778263
728,89,95,0.056778263
729,89,96,0.056778263
730,89,97,0.056778263
731,89,98,0.056778263
732,89,99,0.056778263
733,89,100,0.056778263
734,89,101,0.056778263
735,89,102,0.056778263
736,89,103,0.056778263
737,89,104,0.056778263
738,89,105,0.056778263
739,89,106,0.056778263
740,89,107,0.056778263
741,89,108,0.056778263
742,89,109,0.056778263
743,89,110,0.056778263
744,89,111,0.056778263
745,89,112,0.056778263
746,89,113,0.056778263
747,89,114,0.056778263
748,89,115,0.056778263
749,89,116,0.056778263
750,89,117,0.056778263
751,89,118,0.056778263
752,89,119,0.056778263
753,89,120,0.056778263
754,89,121,0.056778263
755,89,122,0.056778263
756,89,123,0.056778263
757,89,124,0.056778263
758,89,125,0.056778263
759,90,65,0.056778263
760,90,70,0.056778263
761,90,71,0.056778263
762,90,72,0.056778263
763,90,73,0.056778263
764,90,74,0.056778263
765,90,75,0.056778263
766,90,76,0.056778263
767,90,77,0.056778263
768,90,78,0.056778263
769,90,79,0.056778263
770,90,80,0.056778263
771,90,81,0.056778263
772,90,82,0.056778263
773,90,83,0.056778263
774,90,84,0.056778263
775,90,85,0.056778263
776,90,86,0.056778263
777,90,87,0.056778263
778,90,88,0.056778263
779,90,89,0.056778263
780,90,90,0.056778263
781,90,91,0.056778263
782,90,92,0.056778263
783,90,93,0.056778263
784,90,94,0.056778263
785,90,95,0.056778263
786,90,96,0.056778263
787,90,97,0.056778263
788,90,98,0.056778263
789,90,99,0.056778263
790,90,100,0.056778263
791,90,101,0.056778263
792,90,102,0.056778263
793,90,103,0.056778263
794,90,104,0.056778263
795,90,105,0.056778263
796,90,106,0.056778263
797,90,107,0.056778263
798,90,108,0.056778263
799,90,109,0.056778263
800,90,110,0.056778263
801,90,111,0.056778263
802,90,112,0.056778263
803,90,113,0.056778263
804,90,114,0.056778263
805,90,115,0.056778263
806,90,116,0.056778263
807,90,117,0.056778263
808,90,118,0.056778263
809,90,119,0.056778263
810,90,120,0.056778263
811,90,121,0.056778263
812,90,122,0.056778263
813,90,123,0.056778263
814,90,124,0.056778263
815,90,125,0.056778263
816,90,126,0.056778263
817,91,64,0.056778263
818,91,65,0.056778263
819,91,66,0.056778263
820,91,69,0.056778263
821,91,70,0.056778263
822,91,71,0.056778263
823,91,72,0.056778263
824,91,73,0.056778263
825,91,74,0.056778263
826,91,75,0.056778263
827,91,76,0.056778263
828,91,77,0.056778263
829,91,78,0.056778263
830,91,79,0.056778263
831,91,80,0.056778263
832,91,81,0.056778263
833,91,82,0.056778263
834,91,83,0.056778263
835,91,84,0.056778263
836,91,85,0.056778263
837,91,86,0.056778263
838,91,87,0.056778263
839,91,88,0.056778263
840,91,89,0.056778263
841,91,90,0.056778263
842,91,91,0.056778263
843,91,92,0.056778263
844,91,93,0.056778263
845,91,94,0.056778263
846,91,95,0.056778263
847,91,96,0.056778263
848,91,97,0.056778263
849,91,98,0.056778263
850,91,99,0.056778263
851,91,100,0.056778263
852,91,101,0.056778263
853,91,102,0.056778263
854,91,103,0.056778263
855,91,104,0.056778263
856,91,105,0.056778263
857,91,106,0.056778263
858,91,107,0.056778263
859,91,108,0.056778263
860,91,109,0.056778263
861,91,110,0.056778263
862,91,111,0.056778263
863,91,112,0.056778263
864,91,113,0.056778263
865,91,114,0.056778263
866,91,115,0.056778263
867,91,116,0.056778263
868,91,117,0.056778263
869,91,118,0.056778263
870,91,119,0.056778263
871,91,120,0.056778263
872,91,121,0.056778263
873,91,122,0.056778263
874,91,123,0.056778263
875,91,124,0.056778263
876,91,125,0.056778263
877,92,64,0.056778263
878,92,65,0.056778263
879,92,66,0.056778263
880,92,69,0.056778263
881,92,70,0.056778263
882,92,71,0.056778263
883,92,72,0.056778263
884,92,73,0.056778263
885,92,74,0.056778263
886,92,75,0.056778263
887,92,76,0.056778263
888,92,77,0.056778263
889,92,78,0.056778263
890,92,79,0.056778263
891,92,80,0.056778263
892,92,81,0.056778263
893,92,82,0.056778263
894,92,83,0.056778263
895,92,84,0.056778263
896,92,85,0.056778263
897,92,86,0.056778263
898,92,87,0.056778263
899,92,88,0.056778263
900,92,89,0.056778263
901,92,90,0.056778263
902,92,91,0.056778263
903,92,92,0.056778263
904,92,93,0.056778263
905,92,94,0.056778263
906,92,95,0.056778263
907,92,96,0.056778263
908,92,97,0.056778263
909,92,98,0.056778263
910,92,99,0.056778263
911,92,100,0.056778263
912,92,101,0.056778263
913,92,102,0.056778263
914,92,103,0.056778263
915,92,104,0.056778263
916,92,105,0.056778263
917,92,106,0.056778263
918,92,107,0.056778263
919,92,108,0.056778263
920,92,109,0.056778263
921,92,110,0.056778263
922,92,111,0.056778263
923,92,112,0.056778263
924,92,113,0.056778263
925,92,114,0.056778263
926,92,115,0.056778263
927,92,116,0.056778263
928,92,117,0.056778263
929,92,118,0.056778263
930,92,119,0.056778263
931,92,120,0.056778263
932,92,121,0.056778263
933,92,122,0.056778263
934,92,123,0.056778263
935,92,124,0.056778263
936,92,125,0.056778263
937,92,126,0.056778263
938,92,127,0.056778263
939,93,65,0.056778263
940,93,66,0.056778263
941,93,67,0.056778263
942,93,68,0.056778263
943,93,69,0.056778263
944,93,70,0.056778263
945,93,71,0.056778263
946,93,72,0.056778263
947,93,75,0.056778263
948,93,76,0.056778263
949,93,77,0.056778263
950,93,78,0.056778263
951,93,79,0.056778263
952,93,80,0.056778263
953,93,81,0.056778263
954,93,82,0.056778263
955,93,83,0.056778263
956,93,84,0.056778263
957,93,85,0.056778263
958,93,86,0.056778263
959,93,87,0.056778263
960,93,88,0.056778263
961,93,89,0.056778263
962,93,90,0.056778263
963,93,91,0.056778263
964,93,92,0.056778263
965,93,93,0.056778263
966,93,94,0.056778263
967,93,95,0.056778263
968,93,96,0.056778263
969,93,97,0.056778263
970,93,98,0.056778263
971,93,99,0.056778263
972,93,100,0.056778263
973,93,101,0.056778263
974,93,102,0.056778263
975,93,103,0.056778263
976,93,104,0.056778263
977,93,105,0.056778263
978,93,106,0.056778263
979,93,107,0.056778263
980,93,108,0.056778263
981,93,109,0.056778263
982,93,110,0.056778263
983,93,111,0.056778263
984,93,112,0.056778263
985,93,113,0.056778263
986,93,114,0.056778263
987,93,115,0.056778263
988,93,116,0.056778263
989,93,117,0.056778263
990,93,118,0.056778263
991,93,119,0.056778263
992,93,120,0.056778263
993,93,121,0.056778263
994,93,122,0.056778263
995,93,123,0.056778263
996,93,124,0.056778263
997,93,125,0.056778263
998,93,126,0.056778263
999,93,127,0.056778263
1000,93,128,0.056778263
1001,94,66,0.056778263
1002,94,67,0.056778263
1003,94,68,0.056778263
1004,94,69,0.056778263
1005,94,70,0.056778263
1006,94,71,0.056778263
1007,94,72,0.056778263
1008,94,75,0.056778263
1009,94,76,0.056778263
1010,94,77,0.056778263
1011,94,78,0.056778263
1012,94,79,0.056778263
1013,94,80,0.056778263
1014,94,81,0.056778263
1015,94,82,0.056778263
1016,94,83,0.056778263
1017,94,84,0.056778263
1018,94,85,0.056778263
1019,94,86,0.056778263
1020,94,87,0.056778263
1021,94,88,0.056778263
1022,94,89,0.056778263
1023,94,90,0.056778263
1024,94,91,0.056778263
1025,94,92,0.056778263
1026,94,93,0.056778263
1027,94,94,0.056778263
1028,94,95,0.056778263
1029,94,96,0.056778263
1030,94,97,0.056778263
1031,94,98,0.056778263
1032,94,99,0.056778263
1033,94,100,0.056778263
1034,94,101,0.056778263
1035,94,102,0.056778263
1036,94,103,0.056778263
1037,94,104,0.056778263
1038,94,105,0.056778263
1039,94,106,0.056778263
1040,94,107,0.056778263
1041,94,108,0.056778263
1042,94,109,0.056778263
1043,94,110,0.056778263
1044,94,111,0.056778263
1045,94,112,0.056778263
1046,94,113,0.056778263
1047,94,114,0.056778263
1048,94,115,0.056778263
1049,94,116,0.056778263
1050,94,117,0.056778263
1051,94,118,0.056778263
1052,94,119,0.056778263
1053,94,120,0.056778263
1054,94,121,0.056778263
1055,94,122,0.056778263
1056,94,123,0.056778263
1057,94,124,0.056778263
1058,94,125,0.056778263
1059,94,126,0.056778263
1060,94,127,0.056778263
1061,94,128,0.056778263
1062,95,66,0.056778263
1063,95,67,0.056778263
1064,95,68,0.056778263
1065,95,69,0.056778263
1066,95,70,0.056778263
1067,95,71,0.056778263
1068,95,72,0.056778263
1069,95,73,0.056778263
1070,95,74,0.056778263
1071,95,75,0.056778263
1072,95,76,0.056778263
1073,95,77,0.056778263
1074,95,78,0.056778263
1075,95,79,0.056778263
1076,95,80,0.056778263
1077,95,81,0.056778263
1078,95,82,0.056778263
1079,95,83,0.056778263
1080,95,84,0.056778263
1081,95,85,0.056778263
1082,95,86,0.056778263
1083,95,87,0.056778263
1084,95,88,0.056778263
1085,95,89,0.056778263
1086,95,90,0.056778263
1087,95,91,0.056778263
1088,95,92,0.056778263
1089,95,93,0.056778263
1090,95,94,0.056778263
1091,95,95,0.056778263
1092,95,96,0.056778263
1093,95,97,0.056778263
1094,95,98,0.056778263
1095,95,99,0.056778263
1096,95,100,0.056778263
1097,95,101,0.056778263
1098,95,102,0.056778263
1099,95,103,0.056778263
1100,95,104,0.056778263
1101,95,105,0.056778263
1102,95,106,0.056778263
1103,95,107,0.056778263
1104,95,108,0.056778263
1105,95,109,0.056778263
1106,95,110,0.056778263
1107,95,111,0.056778263
1108,95,112,0.056778263
1109,95,113,0.056778263
1110,95,114,0.056778263
1111,95,115,0.056778263
1112,95,116,0.056778263
1113,95,117,0.056778263
1114,95,118,0.056778263
1115,95,119,0.056778263
1116,95,120,0.056778263
1117,95,121,0.056778263
1118,95,122,0.056778263
1119,95,123,0.056778263
1120,95,124,0.056778263
1121,95,125,0.056778263
1122,95,126,0.056778263
1123,95,127,0.056778263
1124,95,128,0.056778263
1125,96,66,0.056778263
1126,96,67,0.056778263
1127,96,68,0.056778263
1128,96,69,0.056778263
1129,96,70,0.056778263
1130,96,71,0.056778263
1131,96,72,0.056778263
1132,96,73,0.056778263
1133,96,74,0.056778263
1134,96,75,0.056778263
1135,96,76,0.056778263
1136,96,77,0.056778263
1137,96,78,0.056778263
1138,96,79,0.056778263
1139,96,80,0.056778263
1140,96,81,0.056778263
1141,96,82,0.056778263
1142,96,83,0.056778263
1143,96,84,0.056778263
1144,96,85,0.056778263
1145,96,86,0.056778263
1146,96,87,0.056778263
1147,96,88,0.056778263
1148,96,89,0.056778263
1149,96,90,0.056778263
1150,96,91,0.056778263
1151,96,92,0.056778263
1152,96,93,0.056778263
1153,96,94,0.056778263
1154,96,95,0.056778263
1155,96,96,0.056778263
1156,96,97,0.056778263
1157,96,98,0.056778263
1158,96,99,0.056778263
1159,96,100,0.056778263
1160,96,101,0.056778263
1161,96,102,0.056778263
1162,96,103,0.056778263
1163,96,104,0.056778263
1164,96,105,0.056778263
1165,96,106,0.056778263
1166,96,107,0.056778263
1167,96,108,0.056778263
1168,96,109,0.056778263
1169,96,110,0.056778263
1170,96,111,0.056778263
1171,96,112,0.056778263
1172,96,113,0.056778263
1173,96,114,0.056778263
1174,96,115,0.056778263
1175,96,116,0.056778263
1176,96,117,0.056778263
1177,96,118,0.056778263
1178,96,119,0.056778263
1179,96,120,0.056778263
1180,96,121,0.056778263
1181,96,122,0.056778263
1182,96,123,0.056778263
1183,96,124,0.056778263
1184,96,125,0.056778263
1185,96,126,0.056778263
1186,96,127,0.056778263
1187,96,128,0.056778263
1188,97,67,0.056778263
1189,97,68,0.056778263
1190,97,69,0.056778263
1191,97,72,0.056778263
1192,97,73,0.056778263
1193,97,74,0.056778263
1194,97,75,0.056778263
1195,97,76,0.056778263
1196,97,77,0.056778263
1197,97,78,0.056778263
1198,97,79,0.056778263
1199,97,80,0.056778263
1200,97,81,0.056778263
1201,97,82,0.056778263
1202,97,83,0.056778263
1203,97,84,0.056778263
1204,97,85,0.056778263
1205,97,86,0.056778263
1206,97,87,0.056778263
1207,97,88,0.056778263
1208,97,89,0.056778263
1209,97,90,0.056778263
1210,97,91,0.056778263
1211,97,92,0.056778263
1212,97,93,0.056778263
1213,97,94,0.056778263
1214,97,95,0.056778263
1215,97,96,0.056778263
1216,97,97,0.056778263
1217,97,98,0.056778263
1218,97,99,0.056778263
1219,97,100,0.056778263
1220,97,101,0.056778263
1221,97,102,0.056778263
1222,97,103,0.056778263
1223,97,104,0.056778263
1224,97,105,0.056778263
1225,97,106,0.056778263
1226,97,107,0.056778263
1227,97,108,0.056778263
1228,97,109,0.056778263
1229,97,110,0.056778263
1230,97,111,0.056778263
1231,97,112,0.056778263
1232,97,113,0.056778263
1233,97,114,0.056778263
1234,97,115,0.056778263
1235,97,116,0.056778263
1236,97,117,0.056778263
1237,97,118,0.056778263
1238,97,119,0.056778263
1239,97,120,0.056778263
1240,97,121,0.056778263
1241,97,122,0.056778263
1242,97,123,0.056778263
1243,97,124,0.056778263
1244,97,125,0.056778263
1245,97,126,0.056778263
1246,97,127,0.056778263
1247,97,128,0.056778263
1248,98,73,0.056778263
1249,98,74,0.056778263
1250,98,75,0.056778263
1251,98,76,0.056778263
1252,98,77,0.056778263
1253,98,78,0.056778263
1254,98,79,0.056778263
1255,98,80,0.056778263
1256,98,81,0.056778263
1257,98,82,0.056778263
1258,98,83,0.056778263
1259,98,84,0.056778263
1260,98,85,0.056778263
1261,98,86,0.056778263
1262,98,87,0.056778263
1263,98,88,0.056778263
1264,98,89,0.056778263
1265,98,90,0.056778263
1266,98,91,0.056778263
1267,98,92,0.056778263
1268,98,93,0.056778263
1269,98,94,0.056778263
1270,98,95,0.056778263
1271,98,96,0.056778263
1272,98,97,0.056778263
1273,98,98,0.056778263
1274,98,99,0.056778263
1275,98,100,0.056778263
1276,98,101,0.056778263
1277,98,102,0.056778263
1278,98,103,0.056778263
1279,98,104,0.056778263
1280,98,105,0.056778263
1281,98,106,0.056778263
1282,98,107,0.056778263
1283,98,108,0.056778263
1284,98,109,0.056778263
1285,98,110,0.056778263
1286,98,111,0.056778263
1287,98,112,0.056778263
1288,98,113,0.056778263
1289,98,114,0.056778263
1290,98,115,0.056778263
1291,98,116,0.056778263
1292,98,117,0.056778263
1293,98,118,0.056778263
1294,98,119,0.056778263
1295,98,120,0.056778263
1296,98,121,0.056778263
1297,98,122,0.056778263
1298,98,123,0.056778263
1299,98,124,0.056778263
1300,98,125,0.056778263
1301,98,126,0.056778263
1302,98,127,0.056778263
1303,99,74,0.056778263
1304,99,75,0.056778263
1305,99,76,0.056778263
1306,99,77,0.056778263
1307,99,78,0.056778263
1308,99,79,0.056778263
1309,99,80,0.056778263
1310,99,81,0.056778263
1311,99,82,0.056778263
1312,99,83,0.056778263
1313,99,84,0.056778263
1314,99,85,0.056778263
1315,99,86,0.056778263
1316,99,87,0.056778263
1317,99,88,0.056778263
1318,99,89,0.056778263
1319,99,90,0.056778263
1320,99,91,0.056778263
1321,99,92,0.056778263
1322,99,93,0.056778263
1323,99,94,0.056778263
1324,99,95,0.056778263
1325,99,96,0.056778263
1326,99,97,0.056778263
1327,99,98,0.056778263
1328,99,99,0.056778263
1329,99,100,0.056778263
1330,99,101,0.056778263
1331,99,102,0.056778263
1332,99,103,0.056778263
1333,99,104,0.056778263
1334,99,105,0.056778263
1335,99,106,0.056778263
1336,99,107,0.056778263
1337,99,108,0.056778263
1338,99,109,0.056778263
1339,99,110,0.056778263
1340,99,111,0.056778263
1341,99,112,0.056778263
1342,99,113,0.056778263
1343,99,114,0.056778263
1344,99,115,0.056778263
1345,99,116,0.056778263
1346,99,117,0.056778263
1347,99,118,0.056778263
1348,99,119,0.056778263
1349,99,120,0.056778263
1350,99,121,0.056778263
1351,99,122,0.056778263
1352,99,123,0.056778263
1353,99,124,0.056778263
1354,99,125,0.056778263
1355,99,126,0.056778263
1356,100,75,0.056778263
1357,100,76,0.056778263
1358,100,77,0.056778263
1359,100,78,0.056778263
1360,100,79,0.056778263
1361,100,80,0.056778263
1362,100,81,0.056778263
1363,100,82,0.056778263
1364,100,83,0.056778263
1365,100,84,0.056778263
1366,100,85,0.056778263
1367,100,86,0.056778263
1368,100,87,0.056778263
1369,100,88,0.056778263
1370,100,89,0.056778263
1371,100,90,0.056778263
1372,100,91,0.056778263
1373,100,92,0.056778263
1374,100,93,0.056778263
1375,100,94,0.056778263
1376,100,95,0.056778263
1377,100,96,0.056778263
1378,100,97,0.056778263
1379,100,98,0.056778263
1380,100,99,0.056778263
1381,100,100,0.056778263
1382,100,101,0.056778263
1383,100,102,0.056778263
1384,100,103,0.056778263
1385,100,104,0.056778263
1386,100,105,0.056778263
1387,100,106,0.056778263
1388,100,107,0.056778263
1389,100,108,0.056778263
1390,100,109,0.056778263
1391,100,110,0.056778263
1392,100,111,0.056778263
1393,100,112,0.056778263
1394,100,113,0.056778263
1395,100,114,0.056778263
1396,100,115,0.056778263
1397,100,116,0.056778263
1398,100,117,0.056778263
1399,100,118,0.056778263
1400,100,119,0.056778263
1401,100,120,0.056778263
1402,100,121,0.056778263
1403,100,122,0.056778263
1404,100,123,0.056778263
1405,100,124,0.056778263
1406,100,125,0.056778263
1407,101,75,0.056778263
1408,101,76,0.056778263
1409,101,77,0.056778263
1410,101,78,0.056778263
1411,101,79,0.056778263
1412,101,80,0.056778263
1413,101,81,0.056778263
1414,101,82,0.056778263
1415,101,83,0.056778263
1416,101,84,0.056778263
1417,101,85,0.056778263
1418,101,86,0.056778263
1419,101,87,0.056778263
1420,101,88,0.056778263
1421,101,89,0.056778263
1422,101,90,0.056778263
1423,101,91,0.056778263
1424,101,92,0.056778263
1425,101,93,0.056778263
1426,101,94,0.056778263
1427,101,95,0.056778263
1428,101,96,0.056778263
1429,101,97,0.056778263
1430,101,98,0.056778263
1431,101,99,0.056778263
1432,101,100,0.056778263
1433,101,101,0.056778263
1434,101,102,0.056778263
1435,101,103,0.056778263
1436,101,104,0.056778263
1437,101,105,0.056778263
1438,101,106,0.056778263
1439,101,107,0.056778263
1440,101,108,0.056778263
1441,101,109,0.056778263
1442,101,110,0.056778263
1443,101,111,0.056778263
1444,101,112,0.056778263
1445,101,113,0.056778263
1446,101,114,0.056778263
1447,101,115,0.056778263
1448,101,116,0.056778263
1449,101,117,0.056778263
1450,101,118,0.056778263
1451,101,119,0.056778263
1452,101,120,0.056778263
1453,101,121,0.056778263
1454,101,122,0.056778263
1455,101,123,0.056778263
1456,101,124,0.056778263
1457,101,125,0.056778263
1458,102,75,0.056778263
1459,102,76,0.056778263
1460,102,77,0.056778263
1461,102,78,0.056778263
1462,102,79,0.056778263
1463,102,80,0.056778263
1464,102,81,0.056778263
1465,102,82,0.056778263
1466,102,83,0.056778263
1467,102,84,0.056778263
1468,102,85,0.056778263
1469,102,86,0.056778263
1470,102,87,0.056778263
1471,102,88,0.056778263
1472,102,89,0.056778263
1473,102,90,0.056778263
1474,102,91,0.056778263
1475,102,92,0.056778263
1476,102,93,0.056778263
1477,102,94,0.056778263
1478,102,95,0.056778263
1479,102,96,0.056778263
1480,102,97,0.056778263
1481,102,98,0.056778263
1482,102,99,0.056778263
1483,102,100,0.056778263
1484,102,101,0.056778263
1485,102,102,0.056778263
1486,102,103,0.056778263
1487,102,104,0.056778263
1488,102,105,0.056778263
1489,102,106,0.056778263
1490,102,107,0.056778263
1491,102,108,0.056778263
1492,102,109,0.056778263
1493,102,110,0.056778263
1494,102,111,0.056778263
1495,102,112,0.056778263
1496,102,113,0.056778263
1497,102,114,0.056778263
1498,102,115,0.056778263
1499,102,116,0.056778263
1500,102,117,0.056778263
1501,102,118,0.056778263
1502,102,119,0.056778263
1503,102,120,0.056778263
1504,102,121,0.056778263
1505,102,122,0.056778263
1506,102,123,0.056778263
1507,102,124,0.056778263
1508,102,125,0.056778263
1509,103,75,0.056778263
1510,103,76,0.056778263
1511,103,77,0.056778263
1512,103,78,0.056778263
1513,103,79,0.056778263
1514,103,80,0.056778263
1515,103,81,0.056778263
1516,103,82,0.056778263
1517,103,83,0.056778263
1518,103,84,0.056778263
1519,103,85,0.056778263
1520,103,86,0.056778263
1521,103,87,0.056778263
1522,103,88,0.056778263
1523,103,89,0.056778263
1524,103,90,0.056778263
1525,103,91,0.056778263
1526,103,92,0.056778263
1527,103,93,0.056778263
1528,103,94,0.056778263
1529,103,95,0.056778263
1530,103,96,0.056778263
1531,103,97,0.056778263
1532,103,98,0.056778263
1533,103,99,0.056778263
1534,103,100,0.056778263
1535,103,101,0.056778263
1536,103,102,0.056778263
1537,103,103,0.056778263
1538,103,104,0.056778263
1539,103,105,0.056778263
1540,103,106,0.056778263
1541,103,107,0.056778263
1542,103,108,0.056778263
1543,103,109,0.056778263
1544,103,110,0.056778263
1545,103,111,0.056778263
1546,103,112,0.056778263
1547,103,113,0.056778263
1548,103,114,0.056778263
1549,103,115,0.056778263
1550,103,116,0.056778263
1551,103,117,0.056778263
1552,103,118,0.056778263
1553,103,119,0.056778263
1554,103,120,0.056778263
1555,103,121,0.056778263
1556,103,122,0.056778263
1557,103,123,0.056778263
1558,103,124,0.056778263
1559,103,125,0.056778263
1560,104,75,0.056778263
1561,104,76,0.056778263
1562,104,77,0.056778263
1563,104,78,0.056778263
1564,104,79,0.056778263
1565,104,80,0.056778263
1566,104,81,0.056778263
1567,104,82,0.056778263
1568,104,83,0.056778263
1569,104,84,0.056778263
1570,104,85,0.056778263
1571,104,86,0.056778263
1572,104,87,0.056778263
1573,104,88,0.056778263
1574,104,89,0.056778263
1575,104,90,0.056778263
1576,104,91,0.056778263
1577,104,92,0.056778263
1578,104,93,0.056778263
1579,104,94,0.056778263
1580,104,95,0.056778263
1581,104,96,0.056778263
1582,104,97,0.056778263
1583,104,98,0.056778263
1584,104,99,0.056778263
1585,104,100,0.056778263
1586,104,101,0.056778263
1587,104,102,0.056778263
1588,104,103,0.056778263
1589,104,104,0.056778263
1590,104,105,0.056778263
1591,104,106,0.056778263
1592,104,107,0.056778263
1593,104,108,0.056778263
1594,104,109,0.056778263
1595,104,110,0.056778263
1596,104,111,0.056778263
1597,104,112,0.056778263
1598,104,113,0.056778263
1599,104,114,0.056778263
1600,104,115,0.056778263
1601,104,116,0.056778263
1602,104,117,0.056778263
1603,104,118,0.056778263
1604,104,119,0.056778263
1605,104,120,0.056778263
1606,104,121,0.056778263
1607,104,122,0.056778263
1608,104,123,0.056778263
1609,104,124,0.056778263
1610,104,125,0.056778263
1611,105,76,0.056778263
1612,105,77,0.056778263
1613,105,78,0.056778263
1614,105,79,0.056778263
1615,105,80,0.056778263
1616,105,81,0.056778263
1617,105,82,0.056778263
1618,105,83,0.056778263
1619,105,84,0.056778263
1620,105,85,0.056778263
1621,105,86,0.056778263
1622,105,87,0.056778263
1623,105,88,0.056778263
1624,105,89,0.056778263
1625,105,90,0.056778263
1626,105,91,0.056778263
1627,105,92,0.056778263
1628,105,93,0.056778263
1629,105,94,0.056778263
1630,105,95,0.056778263
1631,105,96,0.056778263
1632,105,97,0.056778263
1633,105,98,0.056778263
1634,105,99,0.056778263
1635,105,100,0.056778263
1636,105,101,0.056778263
1637,105,102,0.056778263
1638,105,103,0.056778263
1639,105,104,0.056778263
1640,105,105,0.056778263
1641,105,106,0.056778263
1642,105,107,0.056778263
1643,105,108,0.056778263
1644,105,109,0.056778263
1645,105,110,0.056778263
1646,105,111,0.056778263
1647,105,112,0.056778263
1648,105,113,0.056778263
1649,105,114,0.056778263
1650,105,115,0.056778263
1651,105,116,0.056778263
1652,105,117,0.056778263
1653,105,118,0.056778263
1654,105,119,0.056778263
1655,105,120,0.056778263
1656,105,121,0.056778263
1657,105,122,0.056778263
1658,105,123,0.056778263
1659,105,124,0.056778263
1660,105,125,0.056778263
1661,105,126,0.056778263
1662,105,127,0.056778263
1663,105,128,0.056778263
1664,106,76,0.056778263
1665,106,77,0.056778263
1666,106,78,0.056778263
1667,106,79,0.056778263
1668,106,80,0.056778263
1669,106,81,0.056778263
1670,106,82,0.056778263
1671,106,83,0.056778263
1672,106,84,0.056778263
1673,106,85,0.056778263
1674,106,86,0.056778263
1675,106,87,0.056778263
1676,106,88,0.056778263
1677,106,89,0.056778263
1678,106,90,0.056778263
1679,106,91,0.056778263
1680,106,92,0.056778263
1681,106,93,0.056778263
1682,106,94,0.056778263
1683,106,95,0.056778263
1684,106,96,0.056778263
1685,106,97,0.056778263
1686,106,98,0.056778263
1687,106,99,0.056778263
1688,106,100,0.056778263
1689,106,101,0.056778263
1690,106,102,0.056778263
1691,106,103,0.056778263
1692,106,104,0.056778263
1693,106,105,0.056778263
1694,106,106,0.056778263
1695,106,107,0.056778263
1696,106,108,0.056778263
1697,106,109,0.056778263
1698,106,110,0.056778263
1699,106,111,0.056778263
1700,106,112,0.056778263
1701,106,113,0.056778263
1702,106,114,0.056778263
1703,106,115,0.056778263
1704,106,116,0.056778263
1705,106,117,0.056778263
1706,106,118,0.056778263
1707,106,119,0.056778263
1708,106,120,0.056778263
1709,106,121,0.056778263
1710,106,122,0.056778263
1711,106,123,0.056778263
1712,106,124,0.056778263
1713,106,125,0.056778263
1714,106,126,0.056778263
1715,106,127,0.056778263
1716,106,128,0.056778263
1717,107,73,0.056778263
1718,107,74,0.056778263
1719,107,75,0.056778263
1720,107,76,0.056778263
1721,107,77,0.056778263
1722,107,78,0.056778263
1723,107,79,0.056778263
1724,107,80,0.056778263
1725,107,81,0.056778263
1726,107,82,0.056778263
1727,107,83,0.056778263
1728,107,84,0.056778263
1729,107,85,0.056778263
1730,107,86,0.056778263
1731,107,87,0.056778263
1732,107,88,0.056778263
1733,107,89,0.056778263
1734,107,90,0.056778263
1735,107,91,0.056778263
1736,107,92,0.056778263
1737,107,93,0.056778263
1738,107,94,0.056778263
1739,107,95,0.056778263
1740,107,96,0.056778263
1741,107,97,0.056778263
1742,107,98,0.056778263
1743,107,99,0.056778263
1744,107,100,0.056778263
1745,107,101,0.056778263
1746,107,102,0.056778263
1747,107,103,0.056778263
1748,107,104,0.056778263
1749,107,105,0.056778263
1750,107,106,0.056778263
1751,107,107,0.056778263
1752,107,108,0.056778263
1753,107,109,0.056778263
1754,107,110,0.056778263
1755,107,111,0.056778263
1756,107,112,0.056778263
1757,107,113,0.056778263
1758,107,114,0.056778263
1759,107,115,0.056778263
1760,107,116,0.056778263
1761,107,117,0.056778263
1762,107,118,0.056778263
1763,107,119,0.056778263
1764,107,120,0.056778263
1765,107,121,0.056778263
1766,107,122,0.056778263
1767,107,123,0.056778263
1768,107,124,0.056778263
1769,107,125,0.056778263
1770,107,126,0.056778263
1771,107,127,0.056778263
1772,107,128,0.056778263
1773,108,73,0.056778263
1774,108,74,0.056778263
1775,108,75,0.056778263
1776,108,76,0.056778263
1777,108,77,0.056778263
1778,108,78,0.056778263
1779,108,79,0.056778263
1780,108,80,0.056778263
1781,108,81,0.056778263
1782,108,82,0.056778263
1783,108,83,0.056778263
1784,108,84,0.056778263
1785,108,85,0.056778263
1786,108,86,0.056778263
1787,108,87,0.056778263
1788,108,88,0.056778263
1789,108,89,0.056778263
1790,108,90,0.056778263
1791,108,91,0.056778263
1792,108,92,0.056778263
1793,108,93,0.056778263
1794,108,94,0.056778263
1795,108,95,0.056778263
1796,108,96,0.056778263
1797,108,97,0.056778263
1798,108,98,0.056778263
1799,108,99,0.056778263
1800,108,100,0.056778263
1801,108,101,0.056778263
1802,108,102,0.056778263
1803,108,103,0.056778263
1804,108,104,0.056778263
1805,108,105,0.056778263
1806,108,106,0.056778263
1807,108,107,0.056778263
1808,108,108,0.056778263
1809,108,109,0.056778263
1810,108,110,0.056778263
1811,108,111,0.056778263
1812,108,112,0.056778263
1813,108,113,0.056778263
1814,108,114,0.056778263
1815,108,115,0.056778263
1816,108,116,0.056778263
1817,108,117,0.056778263
1818,108,118,0.056778263
1819,108,119,0.056778263
1820,108,120,0.056778263
1821,108,121,0.056778263
1822,108,122,0.056778263
1823,108,123,0.056778263
1824,108,124,0.056778263
1825,108,125,0.056778263
1826,108,126,0.056778263
1827,109,73,0.056778263
1828,109,74,0.056778263
1829,109,75,0.056778263
1830,109,76,0.056778263
1831,109,77,0.056778263
1832,109,78,0.056778263
1833,109,79,0.056778263
1834,109,80,0.056778263
1835,109,81,0.056778263
1836,109,82,0.056778263
1837,109,83,0.056778263
1838,109,84,0.056778263
1839,109,85,0.056778263
1840,109,86,0.056778263
1841,109,87,0.056778263
1842,109,88,0.056778263
1843,109,89,0.056778263
1844,109,90,0.056778263
1845,109,91,0.056778263
1846,109,92,0.056778263
1847,109,93,0.056778263
1848,109,94,0.056778263
1849,109,95,0.056778263
1850,109,96,0.056778263
1851,109,97,0.056778263
1852,109,98,0.056778263
1853,109,99,0.056778263
1854,109,100,0.056778263
1855,109,101,0.056778263
1856,109,102,0.056778263
1857,109,103,0.056778263
1858,109,104,0.056778263
1859,109,105,0.056778263
1860,109,106,0.056778263
1861,109,107,0.056778263
1862,109,108,0.056778263
1863,109,109,0.056778263
1864,109,110,0.056778263
1865,109,111,0.056778263
1866,109,112,0.056778263
1867,109,113,0.056778263
1868,109,114,0.056778263
1869,109,115,0.056778263
1870,109,116,0.056778263
1871,109,117,0.056778263
1872,109,118,0.056778263
1873,109,119,0.056778263
1874,109,120,0.056778263
1875,109,121,0.056778263
1876,109,122,0.056778263
1877,109,123,0.056778263
1878,109,124,0.056778263
1879,109,125,0.056778263
1880,110,73,0.056778263
1881,110,74,0.056778263
1882,110,75,0.056778263
1883,110,76,0.056778263
1884,110,77,0.056778263
1885,110,78,0.056778263
1886,110,79,0.056778263
1887,110,80,0.056778263
1888,110,81,0.056778263
1889,110,82,0.056778263
1890,110,83,0.056778263
1891,110,84,0.056778263
1892,110,85,0.056778263
1893,110,86,0.056778263
1894,110,87,0.056778263
1895,110,88,0.056778263
1896,110,89,0.056778263
1897,110,90,0.056778263
1898,110,91,0.056778263
1899,110,92,0.056778263
1900,110,93,0.056778263
1901,110,94,0.056778263
1902,110,95,0.056778263
1903,110,96,0.056778263
1904,110,97,0.056778263
1905,110,98,0.056778263
1906,110,99,0.056778263
1907,110,100,0.056778263
1908,110,101,0.056778263
1909,110,102,0.056778263
1910,110,103,0.056778263
1911,110,104,0.056778263
1912,110,105,0.056778263
1913,110,106,0.056778263
1914,110,107,0.056778263
1915,110,108,0.056778263
1916,110,109,0.056778263
1917,110,110,0.056778263
1918,110,111,0.056778263
1919,110,112,0.056778263
1920,110,113,0.056778263
1921,110,114,0.056778263
1922,110,115,0.056778263
1923,110,116,0.056778263
1924,110,117,0.056778263
1925,110,118,0.056778263
1926,110,119,0.056778263
1927,110,120,0.056778263
1928,110,121,0.056778263
1929,110,122,0.056778263
1930,110,123,0.056778263
1931,110,124,0.056778263
1932,110,125,0.056778263
1933,111,74,0.056778263
1934,111,75,0.056778263
1935,111,76,0.056778263
1936,111,77,0.056778263
1937,111,78,0.056778263
1938,111,79,0.056778263
1939,111,80,0.056778263
1940,111,81,0.056778263
1941,111,82,0.056778263
1942,111,83,0.056778263
1943,111,84,0.056778263
1944,111,85,0.056778263
1945,111,86,0.056778263
1946,111,87,0.056778263
1947,111,88,0.056778263
1948,111,89,0.056778263
1949,111,90,0.056778263
1950,111,91,0.056778263
1951,111,92,0.056778263
1952,111,93,0.056778263
1953,111,94,0.056778263
1954,111,95,0.056778263
1955,111,96,0.056778263
1956,111,97,0.056778263
1957,111,98,0.056778263
1958,111,99,0.056778263
1959,111,100,0.056778263
1960,111,101,0.056778263
1961,111,102,0.056778263
1962,111,103,0.056778263
1963,111,104,0.056778263
1964,111,105,0.056778263
1965,111,106,0.056778263
1966,111,107,0.056778263
1967,111,108,0.056778263
1968,111,109,0.056778263
1969,111,110,0.056778263
1970,111,111,0.056778263
1971,111,112,0.056778263
1972,111,113,0.056778263
1973,111,114,0.056778263
1974,111,115,0.056778263
1975,111,116,0.056778263
1976,111,117,0.056778263
1977,111,118,0.056778263
1978,111,119,0.056778263
1979,111,120,0.056778263
1980,111,121,0.056778263
1981,111,122,0.056778263
1982,111,123,0.056778263
1983,111,124,0.056778263
1984,112,75,0.056778263
1985,112,76,0.056778263
1986,112,77,0.056778263
1987,112,78,0.056778263
1988,112,79,0.056778263
1989,112,80,0.056778263
1990,112,81,0.056778263
1991,112,82,0.056778263
1992,112,83,0.056778263
1993,112,84,0.056778263
1994,112,85,0.056778263
1995,112,86,0.056778263
1996,112,87,0.056778263
1997,112,88,0.056778263
1998,112,89,0.056778263
1999,112,90,0.056778263
2000,112,91,0.056778263
2001,112,92,0.056778263
2002,112,93,0.056778263
2003,112,94,0.056778263
2004,112,95,0.056778263
2005,112,96,0.056778263
2006,112,97,0.056778263
2007,112,98,0.056778263
2008,112,99,0.056778263
2009,112,100,0.056778263
2010,112,101,0.056778263
2011,112,102,0.056778263
2012,112,103,0.056778263
2013,112,104,0.056778263
2014,112,105,0.056778263
2015,112,106,0.056778263
2016,112,107,0.056778263
2017,112,108,0.056778263
2018,112,109,0.056778263
2019,112,110,0.056778263
2020,112,111,0.056778263
2021,112,112,0.056778263
2022,112,113,0.056778263
2023,112,114,0.056778263
2024,112,115,0.056778263
2025,112,116,0.056778263
2026,112,117,0.056778263
2027,112,118,0.056778263
2028,112,119,0.056778263
2029,112,120,0.056778263
2030,112,121,0.056778263
2031,112,122,0.056778263
2032,112,123,0.056778263
2033,113,77,0.056778263
2034,113,78,0.056778263
2035,113,79,0.056778263
2036,113,80,0.056778263
2037,113,81,0.056778263
2038,113,82,0.056778263
2039,113,83,0.056778263
2040,113,84,0.056778263
2041,113,85,0.056778263
2042,113,86,0.056778263
2043,113,87,0.056778263
2044,113,88,0.056778263
2045,113,89,0.056778263
2046,113,90,0.056778263
2047,113,91,0.056778263
2048,113,92,0.056778263
2049,113,93,0.056778263
2050,113,94,0.056778263
2051,113,95,0.056778263
2052,113,96,0.056778263
2053,113,97,0.056778263
2054,113,98,0.056778263
2055,113,99,0.056778263
2056,113,100,0.056778263
2057,113,101,0.056778263
2058,113,102,0.056778263
2059,113,103,0.056778263
2060,113,104,0.056778263
2061,113,105,0.056778263
2062,113,106,0.056778263
2063,113,107,0.056778263
2064,113,108,0.056778263
2065,113,109,0.056778263
2066,113,110,0.056778263
2067,113,111,0.056778263
2068,113,112,0.056778263
2069,113,113,0.056778263
2070,113,114,0.056778263
2071,113,115,0.056778263
2072,113,116,0.056778263
2073,113,117,0.056778263
2074,113,118,0.056778263
2075,113,119,0.056778263
2076,113,120,0.056778263
2077,113,121,0.056778263
2078,114,77,0.056778263
2079,114,78,0.056778263
2080,114,79,0.056778263
2081,114,80,0.056778263
2082,114,81,0.056778263
2083,114,82,0.056778263
2084,114,83,0.056778263
2085,114,84,0.056778263
2086,114,85,0.056778263
2087,114,86,0.056778263
2088,114,87,0.056778263
2089,114,88,0.056778263
2090,114,89,0.056778263
2091,114,90,0.056778263
2092,114,91,0.056778263
2093,114,92,0.056778263
2094,114,93,0.056778263
2095,114,94,0.056778263
2096,114,95,0.056778263
2097,114,96,0.056778263
2098,114,97,0.056778263
2099,114,98,0.056778263
2100,114,99,0.056778263
2101,114,100,0.056778263
2102,114,101,0.056778263
2103,114,102,0.056778263
2104,114,103,0.056778263
2105,114,104,0.056778263
2106,114,105,0.056778263
2107,114,106,0.056778263
2108,114,107,0.056778263
2109,114,108,0.056778263
2110,114,109,0.056778263
2111,114,110,0.056778263
2112,114,111,0.056778263
2113,114,112,0.056778263
2114,114,113,0.056778263
2115,114,114,0.056778263
2116,114,115,0.056778263
2117,114,116,0.056778263
2118,114,117,0.056778263
2119,114,118,0.056778263
2120,114,119,0.056778263
2121,114,120,0.056778263
2122,114,121,0.056778263
2123,115,77,0.056778263
2124,115,78,0.056778263
2125,115,79,0.056778263
2126,115,80,0.056778263
2127,115,81,0.056778263
2128,115,82,0.056778263
2129,115,83,0.056778263
2130,115,84,0.056778263
2131,115,85,0.056778263
2132,115,86,0.056778263
2133,115,87,0.056778263
2134,115,88,0.056778263
2135,115,89,0.056778263
2136,115,90,0.056778263
2137,115,91,0.056778263
2138,115,92,0.056778263
2139,115,93,0.056778263
2140,115,94,0.056778263
2141,115,95,0.056778263
2142,115,96,0.056778263
2143,115,97,0.056778263
2144,115,98,0.056778263
2145,115,99,0.056778263
2146,115,100,0.056778263
2147,115,101,0.056778263
2148,115,102,0.056778263
2149,115,103,0.056778263
2150,115,104,0.056778263
2151,115,105,0.056778263
2152,115,106,0.056778263
2153,115,107,0.056778263
2154,115,108,0.056778263
2155,115,109,0.056778263
2156,115,110,0.056778263
2157,115,111,0.056778263
2158,115,112,0.056778263
2159,115,113,0.056778263
2160,115,114,0.056778263
2161,115,115,0.056778263
2162,115,116,0.056778263
2163,115,117,0.056778263
2164,115,118,0.056778263
2165,115,119,0.056778263
2166,115,120,0.056778263
2167,115,121,0.056778263
2168,116,76,0.056778263
2169,116,77,0.056778263
2170,116,78,0.056778263
2171,116,79,0.056778263
2172,116,80,0.056778263
2173,116,81,0.056778263
2174,116,82,0.056778263
2175,116,83,0.056778263
2176,116,84,0.056778263
2177,116,85,0.056778263
2178,116,86,0.056778263
2179,116,87,0.056778263
2180,116,88,0.056778263
2181,116,89,0.056778263
2182,116,90,0.056778263
2183,116,91,0.056778263
2184,116,92,0.056778263
2185,116,93,0.056778263
2186,116,94,0.056778263
2187,116,95,0.056778263
2188,116,96,0.056778263
2189,116,97,0.056778263
2190,116,98,0.056778263
2191,116,99,0.056778263
2192,116,100,0.056778263
2193,116,101,0.056778263
2194,116,102,0.056778263
2195,116,103,0.056778263
2196,116,104,0.056778263
2197,116,105,0.056778263
2198,116,106,0.056778263
2199,116,107,0.056778263
2200,116,108,0.056778263
2201,116,109,0.056778263
2202,116,110,0.056778263
2203,116,111,0.056778263
2204,116,112,0.056778263
2205,116,113,0.056778263
2206,116,114,0.056778263
2207,116,115,0.056778263
2208,116,116,0.056778263
2209,116,117,0.056778263
2210,116,118,0.056778263
2211,116,119,0.056778263
2212,116,120,0.056778263
2213,116,121,0.056778263
2214,116,122,0.056778263
2215,117,76,0.056778263
2216,117,77,0.056778263
2217,117,78,0.056778263
2218,117,79,0.056778263
2219,117,80,0.056778263
2220,117,81,0.056778263
2221,117,82,0.056778263
2222,117,83,0.056778263
2223,117,84,0.056778263
2224,117,85,0.056778263
2225,117,86,0.056778263
2226,117,87,0.056778263
2227,117,88,0.056778263
2228,117,89,0.056778263
2229,117,90,0.056778263
2230,117,91,0.056778263
2231,117,92,0.056778263
2232,117,93,0.056778263
2233,117,94,0.056778263
2234,117,95,0.056778263
2235,117,96,0.056778263
2236,117,97,0.056778263
2237,117,98,0.056778263
2238,117,99,0.056778263
2239,117,100,0.056778263
2240,117,101,0.056778263
2241,117,102,0.056778263
2242,117,103,0.056778263
2243,117,104,0.056778263
2244,117,105,0.056778263
2245,117,106,0.056778263
2246,117,107,0.056778263
2247,117,108,0.056778263
2248,117,109,0.056778263
2249,117,110,0.056778263
2250,117,111,0.056778263
2251,117,112,0.056778263
2252,117,113,0.056778263
2253,117,114,0.056778263
2254,117,115,0.056778263
2255,117,116,0.056778263
2256,117,117,0.056778263
2257,117,118,0.056778263
2258,117,119,0.056778263
2259,117,120,0.056778263
2260,117,121,0.056778263
2261,117,122,0.056778263
2262,117,123,0.056778263
2263,118,76,0.056778263
2264,118,79,0.056778263
2265,118,80,0.056778263
2266,118,81,0.056778263
2267,118,82,0.056778263
2268,118,83,0.056778263
2269,118,84,0.056778263
2270,118,85,0.056778263
2271,118,86,0.056778263
2272,118,87,0.056778263
2273,118,88,0.056778263
2274,118,89,0.056778263
2275,118,90,0.056778263
2276,118,91,0.056778263
2277,118,92,0.056778263
2278,118,93,0.056778263
2279,118,94,0.056778263
2280,118,95,0.056778263
2281,118,96,0.056778263
2282,118,97,0.056778263
2283,118,98,0.056778263
2284,118,99,0.056778263
2285,118,100,0.056778263
2286,118,101,0.056778263
2287,118,102,0.056778263
2288,118,103,0.056778263
2289,118,104,0.056778263
2290,118,105,0.056778263
2291,118,106,0.056778263
2292,118,107,0.056778263
2293,118,108,0.056778263
2294,118,109,0.056778263
2295,118,110,0.056778263
2296,118,111,0.056778263
2297,118,112,0.056778263
2298,118,113,0.056778263
2299,118,114,0.056778263
2300,118,115,0.056778263
2301,118,116,0.056778263
2302,118,117,0.056778263
2303,118,118,0.056778263
2304,118,119,0.056778263
2305,118,120,0.056778263
2306,119,82,0.056778263
2307,119,83,0.056778263
2308,119,84,0.056778263
2309,119,85,0.056778263
2310,119,86,0.056778263
2311,119,87,0.056778263
2312,119,88,0.056778263
2313,119,89,0.056778263
2314,119,90,0.056778263
2315,119,91,0.056778263
2316,119,92,0.056778263
2317,119,93,0.056778263
2318,119,94,0.056778263
2319,119,95,0.056778263
2320,119,96,0.056778263
2321,119,97,0.056778263
2322,119,98,0.056778263
2323,119,99,0.056778263
2324,119,100,0.056778263
2325,119,101,0.056778263
2326,119,102,0.056778263
2327,119,103,0.056778263
2328,119,104,0.056778263
2329,119,105,0.056778263
2330,119,106,0.056778263
2331,119,107,0.056778263
2332,119,108,0.056778263
2333,119,109,0.056778263
2334,119,110,0.056778263
2335,119,111,0.056778263
2336,119,112,0.056778263
2337,119,113,0.056778263
2338,119,114,0.056778263
2339,119,115,0.056778263
2340,119,116,0.056778263
2341,119,117,0.056778263
2342,119,118,0.056778263
2343,119,119,0.056778263
2344,120,83,0.056778263
2345,120,84,0.056778263
2346,120,85,0.056778263
2347,120,86,0.056778263
2348,120,87,0.056778263
2349,120,88,0.056778263
2350,120,89,0.056778263
2351,120,90,0.056778263
2352,120,91,0.056778263
2353,120,92,0.056778263
2354,120,93,0.056778263
2355,120,94,0.056778263
2356,120,95,0.056778263
2357,120,96,0.056778263
2358,120,97,0.056778263
2359,120,98,0.056778263
2360,120,99,0.056778263
2361,120,100,0.056778263
2362,120,101,0.056778263
2363,120,102,0.056778263
2364,120,103,0.056778263
2365,120,104,0.056778263
2366,120,105,0.056778263
2367,120,106,0.056778263
2368,120,107,0.056778263
2369,120,108,0.056778263
2370,120,109,0.056778263
2371,120,110,0.056778263
2372,120,111,0.056778263
2373,120,112,0.056778263
2374,120,113,0.056778263
2375,120,114,0.056778263
2376,120,115,0.056778263
2377,120,116,0.056778263
2378,120,117,0.056778263
2379,120,118,0.056778263
2380,121,83,0.056778263
2381,121,84,0.056778263
2382,121,85,0.056778263
2383,121,86,0.056778263
2384,121,87,0.056778263
2385,121,88,0.056778263
2386,121,89,0.056778263
2387,121,90,0.056778263
2388,121,91,0.056778263
2389,121,92,0.056778263
2390,121,93,0.056778263
2391,121,94,0.056778263
2392,121,95,0.056778263
2393,121,96,0.056778263
2394,121,97,0.056778263
2395,121,98,0.056778263
2396,121,99,0.056778263
2397,121,100,0.056778263
2398,121,101,0.056778263
2399,121,102,0.056778263
2400,121,103,0.056778263
2401,121,104,0.056778263
2402,121,105,0.056778263
2403,121,106,0.056778263
2404,121,107,0.056778263
2405,121,108,0.056778263
2406,121,109,0.056778263
2407,121,110,0.056778263
2408,121,111,0.056778263
2409,121,112,0.056778263
2410,121,113,0.056778263
2411,121,114,0.056778263
2412,121,115,0.056778263
2413,121,116,0.056778263
2414,121,117,0.056778263
2415,121,118,0.056778263
2416,122,85,0.056778263
2417,122,86,0.056778263
2418,122,87,0.056778263
2419,122,88,0.056778263
2420,122,89,0.056778263
2421,122,90,0.056778263
2422,122,91,0.056778263
2423,122,92,0.056778263
2424,122,93,0.056778263
2425,122,94,0.056778263
2426,122,95,0.056778263
2427,122,96,0.056778263
2428,122,97,0.056778263
2429,122,98,0.056778263
2430,122,99,0.056778263
2431,122,100,0.056778263
2432,122,101,0.056778263
2433,122,102,0.056778263
2434,122,103,0.056778263
2435,122,104,0.056778263
2436,122,105,0.056778263
2437,122,106,0.056778263
2438,122,107,0.056778263
2439,122,108,0.056778263
2440,122,109,0.056778263
2441,122,110,0.056778263
2442,122,111,0.056778263
2443,122,112,0.056778263
2444,122,113,0.056778263
2445,122,114,0.056778263
2446,122,115,0.056778263
2447,122,116,0.056778263
2448,122,117,0.056778263
2449,122,118,0.056778263
2450,122,119,0.056778263
2451,123,85,0.056778263
2452,123,86,0.056778263
2453,123,87,0.056778263
2454,123,88,0.056778263
2455,123,89,0.056778263
2456,123,90,0.056778263
2457,123,91,0.056778263
2458,123,92,0.056778263
2459,123,93,0.056778263
2460,123,94,0.056778263
2461,123,95,0.056778263
2462,123,96,0.056778263
2463,123,97,0.056778263
2464,123,98,0.056778263
2465,123,99,0.056778263
2466,123,100,0.056778263
2467,123,101,0.056778263
2468,123,102,0.056778263
2469,123,103,0.056778263
2470,123,104,0.056778263
2471,123,105,0.056778263
2472,123,106,0.056778263
2473,123,107,0.056778263
2474,123,108,0.056778263
2475,123,109,0.056778263
2476,123,110,0.056778263
2477,123,111,0.056778263
2478,123,112,0.056778263
2479,123,113,0.056778263
2480,123,114,0.056778263
2481,123,115,0.056778263
2482,123,116,0.056778263
2483,123,117,0.056778263
2484,123,118,0.056778263
2485,123,119,0.056778263
2486,124,86,0.056778263
2487,124,87,0.056778263
2488,124,88,0.056778263
2489,124,91,0.056778263
2490,124,92,0.056778263
2491,124,93,0.056778263
2492,124,94,0.056778263
2493,124,95,0.056778263
2494,124,96,0.056778263
2495,124,97,0.056778263
2496,124,98,0.056778263
2497,124,99,0.056778263
2498,124,100,0.056778263
2499,124,101,0.056778263
2500,124,102,0.056778263
2501,124,103,0.056778263
2502,124,104,0.056778263
2503,124,105,0.056778263
2504,124,106,0.056778263
2505,124,107,0.056778263
2506,124,108,0.056778263
2507,124,109,0.056778263
2508,124,110,0.056778263
2509,124,111,0.056778263
2510,124,112,0.056778263
2511,124,113,0.056778263
2512,124,114,0.056778263
2513,124,115,0.056778263
2514,124,116,0.056778263
2515,124,117,0.056778263
2516,124,118,0.056778263
2517,124,119,0.056778263
2518,124,120,0.056778263
2519,125,86,0.056778263
2520,125,87,0.056778263
2521,125,88,0.056778263
2522,125,91,0.056778263
2523,125,92,0.056778263
2524,125,93,0.056778263
2525,125,94,0.056778263
2526,125,95,0.056778263
2527,125,96,0.056778263
2528,125,97,0.056778263
2529,125,98,0.056778263
2530,125,99,0.056778263
2531,125,100,0.056778263
2532,125,101,0.056778263
2533,125,102,0.056778263
2534,125,103,0.056778263
2535,125,104,0.056778263
2536,125,105,0.056778263
2537,125,106,0.056778263
2538,125,107,0.056778263
2539,125,108,0.056778263
2540,125,109,0.056778263
2541,125,110,0.056778263
2542,125,111,0.056778263
2543,125,112,0.056778263
2544,125,113,0.056778263
2545,125,114,0.056778263
2546,125,115,0.056778263
2547,125,116,0.056778263
2548,125,117,0.056778263
2549,125,118,0.056778263
2550,125,119,0.056778263
2551,125,120,0.056778263
2552,125,121,0.056778263
2553,126,86,0.056778263
2554,126,87,0.056778263
2555,126,88,0.056778263
2556,126,92,0.056778263
2557,126,93,0.056778263
2558,126,94,0.056778263
2559,126,95,0.056778263
2560,126,96,0.056778263
2561,126,97,0.056778263
2562,126,98,0.056778263
2563,126,99,0.056778263
2564,126,100,0.056778263
2565,126,101,0.056778263
2566,126,102,0.056778263
2567,126,103,0.056778263
2568,126,104,0.056778263
2569,126,105,0.056778263
2570,126,106,0.056778263
2571,126,107,0.056778263
2572,126,108,0.056778263
2573,126,109,0.056778263
2574,126,110,0.056778263
2575,126,111,0.056778263
2576,126,112,0.056778263
2577,126,113,0.056778263
2578,126,114,0.056778263
2579,126,115,0.056778263
2580,126,116,0.056778263
2581,126,117,0.056778263
2582,126,118,0.056778263
2583,126,119,0.056778263
2584,126,120,0.056778263
2585,126,121,0.056778263
2586,126,122,0.056778263
2587,127,86,0.056778263
2588,127,87,0.056778263
2589,127,88,0.056778263
2590,127,92,0.056778263
2591,127,93,0.056778263
2592,127,94,0.056778263
2593,127,95,0.056778263
2594,127,96,0.056778263
2595,127,97,0.056778263
2596,127,98,0.056778263
2597,127,99,0.056778263
2598,127,100,0.056778263
2599,127,101,0.056778263
2600,127,102,0.056778263
2601,127,103,0.056778263
2602,127,104,0.056778263
2603,127,105,0.056778263
2604,127,106,0.056778263
2605,127,107,0.056778263
2606,127,108,0.056778263
2607,127,109,0.056778263
2608,127,110,0.056778263
2609,127,111,0.056778263
2610,127,112,0.056778263
2611,127,113,0.056778263
2612,127,114,0.056778263
2613,127,115,0.056778263
2614,127,116,0.056778263
2615,127,117,0.056778263
2616,127,118,0.056778263
2617,127,119,0.056778263
2618,127,120,0.056778263
2619,127,121,0.056778263
2620,127,122,0.056778263
2621,128,93,0.056778263
2622,128,94,0.056778263
2623,128,95,0.056778263
2624,128,96,0.056778263
2625,128,97,0.056778263
2626,128,99,0.056778263
2627,128,100,0.056778263
2628,128,101,0.056778263
2629,128,102,0.056778263
2630,128,103,0.056778263
2631,128,104,0.056778263
2632,128,105,0.056778263
2633,128,106,0.056778263
2634,128,107,0.056778263
2635,128,108,0.056778263
2636,128,109,0.056778263
2637,128,110,0.056778263
2638,128,111,0.056778263
2639,128,112,0.056778263
2640,128,113,0.056778263
2641,128,114,0.056778263
2642,128,115,0.056778263
2643,128,116,0.056778263
2644,128,117,0.056778263
2645,128,118,0.056778263
2646,128,119,0.056778263
2647,128,120,0.056778263
2648,128,121,0.056778263
2649,128,122,0.056778263
2650,128,123,0.056778263
2651,129,95,0.056778263
2652,129,96,0.056778263
2653,129,97,0.056778263
2654,129,99,0.056778263
2655,129,100,0.056778263
2656,129,101,0.056778263
2657,129,102,0.056778263
2658,129,103,0.056778263
2659,129,104,0.056778263
2660,129,105,0.056778263
2661,129,106,0.056778263
2662,129,107,0.056778263
2663,129,108,0.056778263
2664,129,109,0.056778263
2665,129,110,0.056778263
2666,129,111,0.056778263
2667,129,112,0.056778263
2668,129,113,0.056778263
2669,129,114,0.056778263
2670,129,115,0.056778263
2671,129,116,0.056778263
2672,129,117,0.056778263
2673,129,118,0.056778263
2674,129,119,0.056778263
2675,129,120,0.056778263
2676,129,121,0.056778263
2677,129,122,0.056778263
2678,129,123,0.056778263
2679,130,95,0.056778263
2680,130,96,0.056778263
2681,130,97,0.056778263
2682,130,98,0.056778263
2683,130,99,0.056778263
2684,130,100,0.056778263
2685,130,101,0.056778263
2686,130,102,0.056778263
2687,130,103,0.056778263
2688,130,104,0.056778263
2689,130,105,0.056778263
2690,130,106,0.056778263
2691,130,107,0.056778263
2692,130,108,0.056778263
2693,130,109,0.056778263
2694,130,110,0.056778263
2695,130,111,0.056778263
2696,130,112,0.056778263
2697,130,113,0.056778263
2698,130,114,0.056778263
2699,130,115,0.056778263
2700,130,116,0.056778263
2701,130,117,0.056778263
2702,130,118,0.056778263
2703,130,119,0.056778263
2704,130,120,0.056778263
2705,130,121,0.056778263
2706,130,122,0.056778263
2707,130,123,0.056778263
2708,130,124,0.056778263
2709,130,125,0.056778263
2710,131,95,0.056778263
2711,131,96,0.056778263
2712,131,97,0.056778263
2713,131,98,0.056778263
2714,131,99,0.056778263
2715,131,100,0.056778263
2716,131,101,0.056778263
2717,131,102,0.056778263
2718,131,103,0.056778263
2719,131,104,0.056778263
2720,131,105,0.056778263
2721,131,106,0.056778263
2722,131,107,0.056778263
2723,131,108,0.056778263
2724,131,109,0.056778263
2725,131,110,0.056778263
2726,131,111,0.056778263
2727,131,112,0.056778263
2728,131,113,0.056778263
2729,131,114,0.056778263
2730,131,115,0.056778263
2731,131,116,0.056778263
2732,131,117,0.056778263
2733,131,118,0.056778263
2734,131,119,0.056778263
2735,131,120,0.056778263
2736,131,121,0.056778263
2737,131,122,0.056778263
2738,131,123,0.056778263
2739,131,124,0.056778263
2740,131,125,0.056778263
2741,131,126,0.056778263
2742,131,127,0.056778263
2743,132,95,0.056778263
2744,132,96,0.056778263
2745,132,97,0.056778263
2746,132,98,0.056778263
2747,132,99,0.056778263
2748,132,100,0.056778263
2749,132,107,0.056778263
2750,132,108,0.056778263
2751,132,109,0.056778263
2752,132,110,0.056778263
2753,132,111,0.056778263
2754,132,112,0.056778263
2755,132,113,0.056778263
2756,132,114,0.056778263
2757,132,115,0.056778263
2758,132,116,0.056778263
2759,132,117,0.056778263
2760,132,118,0.056778263
2761,132,119,0.056778263
2762,132,120,0.056778263
2763,132,121,0.056778263
2764,132,122,0.056778263
2765,132,123,0.056778263
2766,132,124,0.056778263
2767,132,125,0.056778263
2768,132,126,0.056778263
2769,132,127,0.056778263
2770,132,128,0.056778263
2771,133,95,0.056778263
2772,133,96,0.056778263
2773,133,97,0.056778263
2774,133,98,0.056778263
2775,133,108,0.056778263
2776,133,109,0.056778263
2777,133,113,0.056778263
2778,133,114,0.056778263
2779,133,115,0.056778263
2780,133,116,0.056778263
2781,133,117,0.056778263
2782,133,118,0.056778263
2783,133,119,0.056778263
2784,133,120,0.056778263
2785,133,121,0.056778263
2786,133,122,0.056778263
2787,133,123,0.056778263
2788,133,124,0.056778263
2789,133,125,0.056778263
2790,133,126,0.056778263
2791,133,127,0.056778263
2792,133,128,0.056778263
2793,134,96,0.056778263
2794,134,97,0.056778263
2795,134,113,0.056778263
2796,134,114,0.056778263
2797,134,115,0.056778263
2798,134,116,0.056778263
2799,134,117,0.056778263
2800,134,118,0.056778263
2801,134,119,0.056778263
2802,134,120,0.056778263
2803,134,121,0.056778263
2804,134,122,0.056778263
2805,134,123,0.056778263
2806,134,124,0.056778263
2807,134,125,0.056778263
2808,134,126,0.056778263
2809,134,127,0.056778263
2810,134,128,0.056778263
2811,134,129,0.056778263
2812,135,113,0.056778263
2813,135,114,0.056778263
2814,135,115,0.056778263
2815,135,116,0.056778263
2816,135,117,0.056778263
2817,135,118,0.056778263
2818,135,119,0.056778263
2819,135,120,0.056778263
2820,135,121,0.056778263
2821,135,122,0.056778263
2822,135,123,0.056778263
2823,135,124,0.056778263
2824,135,125,0.056778263
2825,135,126,0.056778263
2826,135,127,0.056778263
2827,135,128,0.056778263
2828,135,129,0.056778263
2829,136,113,0.056778263
2830,136,114,0.056778263
2831,136,115,0.056778263
2832,136,116,0.056778263
2833,136,117,0.056778263
2834,136,118,0.056778263
2835,136,119,0.056778263
2836,136,120,0.056778263
2837,136,121,0.056778263
2838,136,122,0.056778263
2839,136,123,0.056778263
2840,136,124,0.056778263
2841,136,125,0.056778263
2842,136,126,0.056778263
2843,136,127,0.056778263
2844,136,128,0.056778263
2845,136,129,0.056778263
2846,137,113,0.056778263
2847,137,114,0.056778263
2848,137,115,0.056778263
2849,137,116,0.056778263
2850,137,117,0.056778263
2851,137,118,0.056778263
2852,137,119,0.056778263
2853,137,120,0.056778263
2854,137,121,0.056778263
2855,137,122,0.056778263
2856,137,123,0.056778263
2857,137,124,0.056778263
2858,137,125,0.056778263
2859,137,126,0.056778263
2860,137,127,0.056778263
2861,137,128,0.056778263
2862,137,129,0.056778263
2863,138,108,0.056778263
2864,138,109,0.056778263
2865,138,112,0.056778263
2866,138,113,0.056778263
2867,138,114,0.056778263
2868,138,115,0.056778263
2869,138,116,0.056778263
2870,138,117,0.056778263
2871,138,118,0.056778263
2872,138,119,0.056778263
2873,138,120,0.056778263
2874,138,121,0.056778263
2875,138,122,0.056778263
2876,138,123,0.056778263
2877,138,124,0.056778263
2878,138,125,0.056778263
2879,138,126,0.056778263
2880,138,127,0.056778263
2881,138,128,0.056778263
2882,138,129,0.056778263
2883,139,108,0.056778263
2884,139,109,0.056778263
2885,139,110,0.056778263
2886,139,111,0.056778263
2887,139,112,0.056778263
2888,139,113,0.056778263
2889,139,114,0.056778263
2890,139,115,0.056778263
2891,139,116,0.056778263
2892,139,117,0.056778263
2893,139,118,0.056778263
2894,139,119,0.056778263
2895,139,120,0.056778263
2896,139,121,0.056778263
2897,139,122,0.056778263
2898,139,123,0.056778263
2899,139,124,0.056778263
2900,139,125,0.056778263
2901,139,126,0.056778263
2902,139,127,0.056778263
2903,139,128,0.056778263
2904,139,129,0.056778263
2905,140,108,0.056778263
2906,140,109,0.056778263
2907,140,110,0.056778263
2908,140,111,0.056778263
2909,140,112,0.056778263
2910,140,113,0.056778263
2911,140,116,0.056778263
2912,140,117,0.056778263
2913,140,118,0.056778263
2914,140,119,0.056778263
2915,140,120,0.056778263
2916,140,121,0.056778263
2917,140,122,0.056778263
2918,140,123,0.056778263
2919,140,124,0.056778263
2920,140,125,0.056778263
2921,140,126,0.056778263
2922,140,127,0.056778263
2923,140,128,0.056778263
2924,140,129,0.056778263
2925,141,109,0.056778263
2926,141,110,0.056778263
2927,141,111,0.056778263
2928,141,112,0.056778263
2929,141,113,0.056778263
2930,141,114,0.056778263
2931,141,116,0.056778263
2932,141,117,0.056778263
2933,141,118,0.056778263
2934,141,119,0.056778263
2935,141,120,0.056778263
2936,141,121,0.056778263
2937,141,122,0.056778263
2938,141,123,0.056778263
2939,141,124,0.056778263
2940,141,125,0.056778263
2941,141,126,0.056778263
2942,141,127,0.056778263
2943,141,128,0.056778263
2944,141,129,0.056778263
2945,142,109,0.056778263
2946,142,110,0.056778263
2947,142,111,0.056778263
2948,142,112,0.056778263
2949,142,113,0.056778263
2950,142,114,0.056778263
2951,142,116,0.056778263
2952,142,117,0.056778263
2953,142,118,0.056778263
2954,142,119,0.056778263
2955,142,120,0.056778263
2956,142,121,0.056778263
2957,142,122,0.056778263
2958,142,123,0.056778263
2959,142,124,0.056778263
2960,142,125,0.056778263
2961,142,126,0.056778263
2962,142,127,0.056778263
2963,142,128,0.056778263
2964,143,110,0.056778263
2965,143,111,0.056778263
2966,143,112,0.056778263
2967,143,113,0.056778263
2968,143,114,0.056778263
2969,143,115,0.056778263
2970,143,116,0.056778263
2971,143,117,0.056778263
2972,143,118,0.056778263
2973,143,119,0.056778263
2974,143,120,0.056778263
2975,143,121,0.056778263
2976,143,122,0.056778263
2977,143,123,0.056778263
2978,143,124,0.056778263
2979,143,125,0.056778263
2980,143,126,0.056778263
2981,144,113,0.056778263
2982,144,114,0.056778263
2983,144,115,0.056778263
2984,144,116,0.056778263
2985,144,117,0.056778263
2986,144,118,0.056778263
2987,144,119,0.056778263
2988,144,120,0.056778263
2989,144,121,0.056778263
2990,144,122,0.056778263
2991,144,123,0.056778263
2992,144,124,0.056778263
2993,144,125,0.056778263
2994,144,126,0.056778263
2995,145,116,0.056778263
2996,145,117,0.056778263
2997,145,118,0.056778263
2998,145,119,0.056778263
2999,145,120,0.056778263
3000,145,121,0.056778263
3001,145,122,0.056778263
3002,145,123,0.056778263
3003,145,124,0.056778263
3004,145,125,0.056778263
3005,146,119,0.056778263
3006,146,120,0.056778263
3007,146,121,0.056778263
3008,146,122,0.056778263
3009,146,123,0.056778263
3010,146,124,0.056778263
3011,147,122,0.056778263
